{'TIME': 289, 'SOUND': 1213, 'GENERALIZATION': 682, 'HOW_TO_USE': 109, 'SIZE': 708, 'TASTE': 470, 'PLACE': 1046, 'SHAPE': 293, 'SPECIALIZATION': 880, 'PART': 826, 'MATERIAL': 1237, 'ACTIVITY': 122, 'PURPOSE': 803, 'SMELL': 65, 'SIMILARITY': 481, 'COLOR': 67}
train len:  6183
test len:  3046

avg f1 score: 0.8354160387246178
f1 for relation:
TIME :  0.8284593837535007
SOUND :  0.9268085799112047
MATERIAL :  0.7521181883250869
SIZE :  0.723396973396974
SPECIALIZATION :  0.9240599915504849
PLACE :  0.7920766555381946
SHAPE :  0.6613410094179322
TASTE :  0.8392311757541413
PART :  0.8967064124958886
ACTIVITY :  0.7250457875457875
GENERALIZATION :  0.9693439607602697
COLOR :  0.7414285714285714
SMELL :  0.5424139352710781
PURPOSE :  0.8414537648144205
SIMILARITY :  0.7914322513793763
HOW_TO_USE :  0.7851455733808677